Case 1
4 4
enter the graph
0 5 999 10
999 0 3 999 
999 999 0 1
999 999 999 0


Serial algorithms answer
0 5 8 9 
999 0 3 4 
999 999 0 1 
999 999 999 0 


parallel r-way answer
0 5 8 9 
999 0 3 4 
999 999 0 1 
999 999 999 0 

They match
time taken by parallel execution in millisec: 60.000000
______________________________________________________________________

4 2
enter the graph
0 8 999 1
999 0 1 999
4 999 0 999
999 2 9 0


Serial algorithms answer
0 3 4 1 
5 0 1 6 
4 7 0 5 
7 2 3 0 


parallel r-way answer
0 3 4 1 
5 0 1 6 
4 7 0 5 
7 2 3 0 

They match
time taken by parallel execution in millisec: 70.000000
________________________________________________________________________
8 2
enter the graph
999 999 999 999 7 999 999 999 
4 999 999 999 999 4 999 999 
999 8 999 999 999 4 999 999 
999 999 999 999 999 9 999 1
999 999 999 999 999 999 999 5
999 999 999 999 999 999 1 999
999 999 9 999 7 999 999 6
999 999 999 999 999 999 999 999    


Serial algorithms answer
999 999 999 999 7 999 999 12 
4 22 14 999 11 4 5 11 
12 8 14 999 12 4 5 11 
31 27 19 999 17 9 10 1 
999 999 999 999 999 999 999 5 
22 18 10 999 8 14 1 7 
21 17 9 999 7 13 14 6 
999 999 999 999 999 999 999 999 


parallel r-way answer
999 999 999 999 7 999 999 12 
4 22 14 999 11 4 5 11 
12 8 14 999 12 4 5 11 
31 27 19 999 17 9 10 1 
999 999 999 999 999 999 999 5 
22 18 10 999 8 14 1 7 
21 17 9 999 7 13 14 6 
999 999 999 999 999 999 999 999 

They match
time taken by parallel execution in millisec: 70.000000

________________________________________________________________________________

8 4
enter the graph
999 999 999 999 7 999 999 999
4 999 999 999 999 4 999 999 
999 8 999 999 999 4 999 999
999 999 999 999 999 9 999 1
999 999 999 999 999 999 999 5
999 999 999 999 999 999 1 999
999 999 9 999 7 999 999 6
999 999 999 999 999 999 999 999


Serial algorithms answer
999 999 999 999 7 999 999 12 
4 22 14 999 11 4 5 11 
12 8 14 999 12 4 5 11 
31 27 19 999 17 9 10 1 
999 999 999 999 999 999 999 5 
22 18 10 999 8 14 1 7 
21 17 9 999 7 13 14 6 
999 999 999 999 999 999 999 999 


parallel r-way answer
999 999 999 999 7 999 999 12 
4 22 14 999 11 4 5 11 
12 8 14 999 12 4 5 11 
31 27 19 999 17 9 10 1 
999 999 999 999 999 999 999 5 
22 18 10 999 8 14 1 7 
21 17 9 999 7 13 14 6 
999 999 999 999 999 999 999 999 

They match
Time taken in by parallel execution in millisec : 70.00
____________________________________________________________________________________________________


16 4
enter the graph
999 999 999 999 999 999 999 3 999 999 999 999 999 999 1 999
999 999 3 999 4 3 999 999 999 999 999 999 999 999 999 999
999 999 999 999 999 7 999 999 999 999 999 999 999 999 999 999 
999 999 999 999 999 999 999 999 999 999 999 999 999 999 999 999
999 999 999 999 999 999 999 999 999 999 999 999 999 999 999 999
999 8 999 999 9 999 1 999 1 999 999 999 999 999 999 999
999 999 999 8 999 999 999 999 999 999 999 999 999 999 999 999
999 999 999 999 999 999 999 999 999 999 999 999 999 999 999 999
999 999 999 999 999 999 999 999 999 2 999 3 1 999 999 999
999 999 999 999 999 999 7 999 2 999 999 999 999 999 999 999
999 999 999 8 999 999 999 999 999 3 999 999 999 999 999 999
999 999 999 999 999 999 999 999 999 999 999 999 3 999 9 5
999 999 999 999 999 999 999 999 999 4 999 999 999 999 999 4
999 999 999 999 999 999 999 999 999 999 6 999 999 999 999 999
999 999 999 999	999 999 999 7 999 999 999 999 999 999 999 999
999 999 999 999 999 999 999 999 999 999 999 6 999 999 999 999


Serial algorithms answer
999 999 999 999 999 999 999 3 999 999 999 999 999 999 1 999 
999 11 3 12 4 3 4 23 4 6 999 7 5 999 16 9 
999 15 18 16 16 7 8 27 8 10 999 11 9 999 20 13 
999 999 999 999 999 999 999 999 999 999 999 999 999 999 999 999 
999 999 999 999 999 999 999 999 999 999 999 999 999 999 999 999 
999 8 11 9 9 11 1 20 1 3 999 4 2 999 13 6 
999 999 999 8 999 999 999 999 999 999 999 999 999 999 999 999 
999 999 999 999 999 999 999 999 999 999 999 999 999 999 999 999 
999 999 999 17 999 999 9 19 4 2 999 3 1 999 12 5 
999 999 999 15 999 999 7 21 2 4 999 5 3 999 14 7 
999 999 999 8 999 999 10 24 5 3 999 8 6 999 17 10 
999 999 999 22 999 999 14 16 9 7 999 11 3 999 9 5 
999 999 999 19 999 999 11 25 6 4 999 9 7 999 18 4 
999 999 999 14 999 999 16 30 11 9 6 14 12 999 23 16 
999 999 999 999 999 999 999 7 999 999 999 999 999 999 999 999 
999 999 999 28 999 999 20 22 15 13 999 6 9 999 15 11 


parallel r-way answer
999 999 999 999 999 999 999 3 999 999 999 999 999 999 1 999 
999 11 3 12 4 3 4 23 4 6 999 7 5 999 16 9 
999 15 18 16 16 7 8 27 8 10 999 11 9 999 20 13 
999 999 999 999 999 999 999 999 999 999 999 999 999 999 999 999 
999 999 999 999 999 999 999 999 999 999 999 999 999 999 999 999 
999 8 11 9 9 11 1 20 1 3 999 4 2 999 13 6 
999 999 999 8 999 999 999 999 999 999 999 999 999 999 999 999 
999 999 999 999 999 999 999 999 999 999 999 999 999 999 999 999 
999 999 999 17 999 999 9 19 4 2 999 3 1 999 12 5 
999 999 999 15 999 999 7 21 2 4 999 5 3 999 14 7 
999 999 999 8 999 999 10 24 5 3 999 8 6 999 17 10 
999 999 999 22 999 999 14 16 9 7 999 11 3 999 9 5 
999 999 999 19 999 999 11 25 6 4 999 9 7 999 18 4 
999 999 999 14 999 999 16 30 11 9 6 14 12 999 23 16 
999 999 999 999 999 999 999 7 999 999 999 999 999 999 999 999 
999 999 999 28 999 999 20 22 15 13 999 6 9 999 15 11 


They match

Time taken in by parallel execution in millisec : 500.00
_________________________________________________________________________________________________

